Capture Info:
  - File Prefix: Acacia_0_0_0
    Projection: [[3.7320509, 0, 0, 0], [0, 3.7320509, 0, 0], [0, 0, -1.0100503, -1], [0, 0, -2.0100503, 0]]
    View: [[1, 0, -0, 0], [-0, 1, -0, 0], [0, 0, 1, 0], [-0, -8.75, -70, 1]]
    Camera Transform: [[1, 0, 0, 0], [0, 1, 0, 0], [0, 0, 1, 0], [0, 8.75, 70, 1]]
    Plant Transform: [[1, 0, 0, 0], [0, 5.96046448e-08, 0.99999994, 0], [0, -0.99999994, 5.96046448e-08, 0], [0, 0, 0, 1]]
  - File Prefix: Acacia_0_10_0
    Projection: [[3.7320509, 0, 0, 0], [0, 3.7320509, 0, 0], [0, 0, -1.0100503, -1], [0, 0, -2.0100503, 0]]
    View: [[1, 0, -0, 0], [0, 0.984807789, 0.173648462, 0], [0, -0.173648462, 0.984807789, 0], [-0, -8.61705017, -71.5194321, 1]]
    Camera Transform: [[1, 0, 0, 0], [0, 0.98480773, -0.173648179, 0], [0, 0.173648179, 0.98480773, 0], [0, 20.9053726, 68.9365387, 1]]
    Plant Transform: [[1, 0, 0, 0], [0, 5.96046448e-08, 0.99999994, 0], [0, -0.99999994, 5.96046448e-08, 0], [0, 0, 0, 1]]
  - File Prefix: Acacia_0_20_0
    Projection: [[3.7320509, 0, 0, 0], [0, 3.7320509, 0, 0], [0, 0, -1.0100503, -1], [0, 0, -2.0100503, 0]]
    View: [[1, 0, -0, 0], [0, 0.939691782, 0.342022717, 0], [0, -0.342022717, 0.939691782, 0], [-0, -8.22211266, -72.9926987, 1]]
    Camera Transform: [[1, 0, 0, 0], [0, 0.939692616, -0.342020124, 0], [0, 0.342020124, 0.939692616, 0], [0, 32.6914062, 65.7784805, 1]]
    Plant Transform: [[1, 0, 0, 0], [0, 5.96046448e-08, 0.99999994, 0], [0, -0.99999994, 5.96046448e-08, 0], [0, 0, 0, 1]]
  - File Prefix: Acacia_0_0_90
    Projection: [[3.7320509, 0, 0, 0], [0, 3.7320509, 0, 0], [0, 0, -1.0100503, -1], [0, 0, -2.0100503, 0]]
    View: [[1.78813934e-07, 0, 1, 0], [0, 1, -0, 0], [-1, 0, 1.78813934e-07, 0], [-1.55767721e-05, -8.75, -70, 1]]
    Camera Transform: [[5.96046448e-08, 0, -0.99999994, 0], [0, 1, 0, 0], [0.99999994, 0, 5.96046448e-08, 0], [70, 8.75, -3.05979711e-06, 1]]
    Plant Transform: [[1, 0, 0, 0], [0, 5.96046448e-08, 0.99999994, 0], [0, -0.99999994, 5.96046448e-08, 0], [0, 0, 0, 1]]
  - File Prefix: Acacia_0_10_90
    Projection: [[3.7320509, 0, 0, 0], [0, 3.7320509, 0, 0], [0, 0, -1.0100503, -1], [0, 0, -2.0100503, 0]]
    View: [[-1.29378186e-09, -0.173648462, 0.984807789, 0], [7.33738981e-09, 0.984807789, 0.173648462, 0], [-1, 7.45058149e-09, -0, 0], [-3.07751361e-06, -8.61705017, -71.5194321, 1]]
    Camera Transform: [[0, 7.4505806e-09, -1, 0], [-0.173648179, 0.98480773, 7.4505806e-09, 0], [0.984807789, 0.173648179, 0, 0], [68.9365387, 20.9053726, -3.0133117e-06, 1]]
    Plant Transform: [[1, 0, 0, 0], [0, 5.96046448e-08, 0.99999994, 0], [0, -0.99999994, 5.96046448e-08, 0], [0, 0, 0, 1]]
  - File Prefix: Acacia_0_20_90
    Projection: [[3.7320509, 0, 0, 0], [0, 3.7320509, 0, 0], [0, 0, -1.0100503, -1], [0, 0, -2.0100503, 0]]
    View: [[-1.17116869e-07, -0.342022717, 0.939691782, 0], [-2.67695697e-08, 0.939691782, 0.342022717, 0], [-1, 1.49014863e-08, -1.1920956e-07, 0], [5.70363591e-06, -8.22211266, -72.9926987, 1]]
    Camera Transform: [[-1.1920929e-07, -2.98023224e-08, -0.99999994, 0], [-0.342020124, 0.939692616, 2.98023224e-08, 0], [0.939692557, 0.342020124, -1.1920929e-07, 0], [65.7784805, 32.6914062, -2.87526859e-06, 1]]
    Plant Transform: [[1, 0, 0, 0], [0, 5.96046448e-08, 0.99999994, 0], [0, -0.99999994, 5.96046448e-08, 0], [0, 0, 0, 1]]
  - File Prefix: Acacia_0_0_180
    Projection: [[3.7320509, 0, 0, 0], [0, 3.7320509, 0, 0], [0, 0, -1.0100503, -1], [0, 0, -2.0100503, 0]]
    View: [[-1, 0, -8.74229045e-08, 0], [0, 1, -0, 0], [8.74229045e-08, -0, -1, 0], [9.09494702e-12, -8.75, -70, 1]]
    Camera Transform: [[-1, 0, 8.74227766e-08, 0], [0, 1, 0, 0], [-8.74227766e-08, 0, -1, 0], [-6.11959422e-06, 8.75, -70, 1]]
    Plant Transform: [[1, 0, 0, 0], [0, 5.96046448e-08, 0.99999994, 0], [0, -0.99999994, 5.96046448e-08, 0], [0, 0, 0, 1]]
  - File Prefix: Acacia_0_10_180
    Projection: [[3.7320509, 0, 0, 0], [0, 3.7320509, 0, 0], [0, 0, -1.0100503, -1], [0, 0, -2.0100503, 0]]
    View: [[-1, 1.51808326e-08, -8.60944027e-08, 0], [4.08562073e-14, 0.984807789, 0.173648462, 0], [8.74225563e-08, 0.173648462, -0.984807789, 0], [-1.59161573e-11, -8.61705017, -71.5194321, 1]]
    Camera Transform: [[-1, 0, 8.74227766e-08, 0], [1.51808059e-08, 0.98480773, 0.173648179, 0], [-8.60946301e-08, 0.173648179, -0.984807849, 0], [-6.0266234e-06, 20.9053726, -68.9365387, 1]]
    Plant Transform: [[1, 0, 0, 0], [0, 5.96046448e-08, 0.99999994, 0], [0, -0.99999994, 5.96046448e-08, 0], [0, 0, 0, 1]]
  - File Prefix: Acacia_0_20_180
    Projection: [[3.7320509, 0, 0, 0], [0, 3.7320509, 0, 0], [0, 0, -1.0100503, -1], [0, 0, -2.0100503, 0]]
    View: [[-1, 2.99005798e-08, -8.21507484e-08, 0], [-9.41468989e-14, 0.939691782, 0.342022717, 0], [8.74230466e-08, 0.342022717, -0.939691782, 0], [2.13731255e-11, -8.22211266, -72.9926987, 1]]
    Camera Transform: [[-0.999999881, 0, 8.74227695e-08, 0], [2.99003489e-08, 0.939692616, 0.342020124, 0], [-8.21505282e-08, 0.342020124, -0.939692497, 0], [-5.75053718e-06, 32.6914062, -65.7784805, 1]]
    Plant Transform: [[1, 0, 0, 0], [0, 5.96046448e-08, 0.99999994, 0], [0, -0.99999994, 5.96046448e-08, 0], [0, 0, 0, 1]]
  - File Prefix: Acacia_0_0_270
    Projection: [[3.7320509, 0, 0, 0], [0, 3.7320509, 0, 0], [0, 0, -1.0100503, -1], [0, 0, -2.0100503, 0]]
    View: [[1.78813934e-07, 0, -1, 0], [-0, 1, -0, 0], [1, 0, 1.78813934e-07, 0], [1.16822339e-05, -8.75, -70, 1]]
    Camera Transform: [[5.96046448e-08, 0, 0.99999994, 0], [0, 1, 0, 0], [-0.99999994, 0, 5.96046448e-08, 0], [-70, 8.75, 8.34741627e-07, 1]]
    Plant Transform: [[1, 0, 0, 0], [0, 5.96046448e-08, 0.99999994, 0], [0, -0.99999994, 5.96046448e-08, 0], [0, 0, 0, 1]]
  - File Prefix: Acacia_0_10_270
    Projection: [[3.7320509, 0, 0, 0], [0, 3.7320509, 0, 0], [0, 0, -1.0100503, -1], [0, 0, -2.0100503, 0]]
    View: [[-0, 0.173648462, -0.984807789, 0], [0, 0.984807789, 0.173648462, 0], [1, 0, -0, 0], [-8.22059974e-07, -8.61705017, -71.5194321, 1]]
    Camera Transform: [[0, 0, 1, 0], [0.173648179, 0.98480773, 0, 0], [-0.984807789, 0.173648179, 0, 0], [-68.9365387, 20.9053726, 8.22059974e-07, 1]]
    Plant Transform: [[1, 0, 0, 0], [0, 5.96046448e-08, 0.99999994, 0], [0, -0.99999994, 5.96046448e-08, 0], [0, 0, 0, 1]]
  - File Prefix: Acacia_0_20_270
    Projection: [[3.7320509, 0, 0, 0], [0, 3.7320509, 0, 0], [0, 0, -1.0100503, -1], [0, 0, -2.0100503, 0]]
    View: [[6.11067037e-08, 0.342022717, -0.939691782, 0], [-6.38353637e-09, 0.939691782, 0.342022717, 0], [1, -1.49013246e-08, 5.96047798e-08, 0], [3.44379214e-06, -8.22211266, -72.9926987, 1]]
    Camera Transform: [[5.96046448e-08, 0, 0.99999994, 0], [0.342020124, 0.939692616, 0, 0], [-0.939692557, 0.342020124, 5.96046448e-08, 0], [-65.7784805, 32.6914062, 7.84400527e-07, 1]]
    Plant Transform: [[1, 0, 0, 0], [0, 5.96046448e-08, 0.99999994, 0], [0, -0.99999994, 5.96046448e-08, 0], [0, 0, 0, 1]]
  - File Prefix: Acacia_1_0_0
    Projection: [[3.7320509, 0, 0, 0], [0, 3.7320509, 0, 0], [0, 0, -1.0100503, -1], [0, 0, -2.0100503, 0]]
    View: [[1, 0, -0, 0], [-0, 1, -0, 0], [0, 0, 1, 0], [-0, -8.75, -70, 1]]
    Camera Transform: [[1, 0, 0, 0], [0, 1, 0, 0], [0, 0, 1, 0], [0, 8.75, 70, 1]]
    Plant Transform: [[1, 0, 0, 0], [0, 5.96046448e-08, 0.99999994, 0], [0, -0.99999994, 5.96046448e-08, 0], [0, 0, 0, 1]]
  - File Prefix: Acacia_1_10_0
    Projection: [[3.7320509, 0, 0, 0], [0, 3.7320509, 0, 0], [0, 0, -1.0100503, -1], [0, 0, -2.0100503, 0]]
    View: [[1, 0, -0, 0], [0, 0.984807789, 0.173648462, 0], [0, -0.173648462, 0.984807789, 0], [-0, -8.61705017, -71.5194321, 1]]
    Camera Transform: [[1, 0, 0, 0], [0, 0.98480773, -0.173648179, 0], [0, 0.173648179, 0.98480773, 0], [0, 20.9053726, 68.9365387, 1]]
    Plant Transform: [[1, 0, 0, 0], [0, 5.96046448e-08, 0.99999994, 0], [0, -0.99999994, 5.96046448e-08, 0], [0, 0, 0, 1]]
  - File Prefix: Acacia_1_20_0
    Projection: [[3.7320509, 0, 0, 0], [0, 3.7320509, 0, 0], [0, 0, -1.0100503, -1], [0, 0, -2.0100503, 0]]
    View: [[1, 0, -0, 0], [0, 0.939691782, 0.342022717, 0], [0, -0.342022717, 0.939691782, 0], [-0, -8.22211266, -72.9926987, 1]]
    Camera Transform: [[1, 0, 0, 0], [0, 0.939692616, -0.342020124, 0], [0, 0.342020124, 0.939692616, 0], [0, 32.6914062, 65.7784805, 1]]
    Plant Transform: [[1, 0, 0, 0], [0, 5.96046448e-08, 0.99999994, 0], [0, -0.99999994, 5.96046448e-08, 0], [0, 0, 0, 1]]
  - File Prefix: Acacia_1_0_90
    Projection: [[3.7320509, 0, 0, 0], [0, 3.7320509, 0, 0], [0, 0, -1.0100503, -1], [0, 0, -2.0100503, 0]]
    View: [[1.78813934e-07, 0, 1, 0], [0, 1, -0, 0], [-1, 0, 1.78813934e-07, 0], [-1.55767721e-05, -8.75, -70, 1]]
    Camera Transform: [[5.96046448e-08, 0, -0.99999994, 0], [0, 1, 0, 0], [0.99999994, 0, 5.96046448e-08, 0], [70, 8.75, -3.05979711e-06, 1]]
    Plant Transform: [[1, 0, 0, 0], [0, 5.96046448e-08, 0.99999994, 0], [0, -0.99999994, 5.96046448e-08, 0], [0, 0, 0, 1]]
  - File Prefix: Acacia_1_10_90
    Projection: [[3.7320509, 0, 0, 0], [0, 3.7320509, 0, 0], [0, 0, -1.0100503, -1], [0, 0, -2.0100503, 0]]
    View: [[-1.29378186e-09, -0.173648462, 0.984807789, 0], [7.33738981e-09, 0.984807789, 0.173648462, 0], [-1, 7.45058149e-09, -0, 0], [-3.07751361e-06, -8.61705017, -71.5194321, 1]]
    Camera Transform: [[0, 7.4505806e-09, -1, 0], [-0.173648179, 0.98480773, 7.4505806e-09, 0], [0.984807789, 0.173648179, 0, 0], [68.9365387, 20.9053726, -3.0133117e-06, 1]]
    Plant Transform: [[1, 0, 0, 0], [0, 5.96046448e-08, 0.99999994, 0], [0, -0.99999994, 5.96046448e-08, 0], [0, 0, 0, 1]]
  - File Prefix: Acacia_1_20_90
    Projection: [[3.7320509, 0, 0, 0], [0, 3.7320509, 0, 0], [0, 0, -1.0100503, -1], [0, 0, -2.0100503, 0]]
    View: [[-1.17116869e-07, -0.342022717, 0.939691782, 0], [-2.67695697e-08, 0.939691782, 0.342022717, 0], [-1, 1.49014863e-08, -1.1920956e-07, 0], [5.70363591e-06, -8.22211266, -72.9926987, 1]]
    Camera Transform: [[-1.1920929e-07, -2.98023224e-08, -0.99999994, 0], [-0.342020124, 0.939692616, 2.98023224e-08, 0], [0.939692557, 0.342020124, -1.1920929e-07, 0], [65.7784805, 32.6914062, -2.87526859e-06, 1]]
    Plant Transform: [[1, 0, 0, 0], [0, 5.96046448e-08, 0.99999994, 0], [0, -0.99999994, 5.96046448e-08, 0], [0, 0, 0, 1]]
  - File Prefix: Acacia_1_0_180
    Projection: [[3.7320509, 0, 0, 0], [0, 3.7320509, 0, 0], [0, 0, -1.0100503, -1], [0, 0, -2.0100503, 0]]
    View: [[-1, 0, -8.74229045e-08, 0], [0, 1, -0, 0], [8.74229045e-08, -0, -1, 0], [9.09494702e-12, -8.75, -70, 1]]
    Camera Transform: [[-1, 0, 8.74227766e-08, 0], [0, 1, 0, 0], [-8.74227766e-08, 0, -1, 0], [-6.11959422e-06, 8.75, -70, 1]]
    Plant Transform: [[1, 0, 0, 0], [0, 5.96046448e-08, 0.99999994, 0], [0, -0.99999994, 5.96046448e-08, 0], [0, 0, 0, 1]]
  - File Prefix: Acacia_1_10_180
    Projection: [[3.7320509, 0, 0, 0], [0, 3.7320509, 0, 0], [0, 0, -1.0100503, -1], [0, 0, -2.0100503, 0]]
    View: [[-1, 1.51808326e-08, -8.60944027e-08, 0], [4.08562073e-14, 0.984807789, 0.173648462, 0], [8.74225563e-08, 0.173648462, -0.984807789, 0], [-1.59161573e-11, -8.61705017, -71.5194321, 1]]
    Camera Transform: [[-1, 0, 8.74227766e-08, 0], [1.51808059e-08, 0.98480773, 0.173648179, 0], [-8.60946301e-08, 0.173648179, -0.984807849, 0], [-6.0266234e-06, 20.9053726, -68.9365387, 1]]
    Plant Transform: [[1, 0, 0, 0], [0, 5.96046448e-08, 0.99999994, 0], [0, -0.99999994, 5.96046448e-08, 0], [0, 0, 0, 1]]
  - File Prefix: Acacia_1_20_180
    Projection: [[3.7320509, 0, 0, 0], [0, 3.7320509, 0, 0], [0, 0, -1.0100503, -1], [0, 0, -2.0100503, 0]]
    View: [[-1, 2.99005798e-08, -8.21507484e-08, 0], [-9.41468989e-14, 0.939691782, 0.342022717, 0], [8.74230466e-08, 0.342022717, -0.939691782, 0], [2.13731255e-11, -8.22211266, -72.9926987, 1]]
    Camera Transform: [[-0.999999881, 0, 8.74227695e-08, 0], [2.99003489e-08, 0.939692616, 0.342020124, 0], [-8.21505282e-08, 0.342020124, -0.939692497, 0], [-5.75053718e-06, 32.6914062, -65.7784805, 1]]
    Plant Transform: [[1, 0, 0, 0], [0, 5.96046448e-08, 0.99999994, 0], [0, -0.99999994, 5.96046448e-08, 0], [0, 0, 0, 1]]
  - File Prefix: Acacia_1_0_270
    Projection: [[3.7320509, 0, 0, 0], [0, 3.7320509, 0, 0], [0, 0, -1.0100503, -1], [0, 0, -2.0100503, 0]]
    View: [[1.78813934e-07, 0, -1, 0], [-0, 1, -0, 0], [1, 0, 1.78813934e-07, 0], [1.16822339e-05, -8.75, -70, 1]]
    Camera Transform: [[5.96046448e-08, 0, 0.99999994, 0], [0, 1, 0, 0], [-0.99999994, 0, 5.96046448e-08, 0], [-70, 8.75, 8.34741627e-07, 1]]
    Plant Transform: [[1, 0, 0, 0], [0, 5.96046448e-08, 0.99999994, 0], [0, -0.99999994, 5.96046448e-08, 0], [0, 0, 0, 1]]
  - File Prefix: Acacia_1_10_270
    Projection: [[3.7320509, 0, 0, 0], [0, 3.7320509, 0, 0], [0, 0, -1.0100503, -1], [0, 0, -2.0100503, 0]]
    View: [[-0, 0.173648462, -0.984807789, 0], [0, 0.984807789, 0.173648462, 0], [1, 0, -0, 0], [-8.22059974e-07, -8.61705017, -71.5194321, 1]]
    Camera Transform: [[0, 0, 1, 0], [0.173648179, 0.98480773, 0, 0], [-0.984807789, 0.173648179, 0, 0], [-68.9365387, 20.9053726, 8.22059974e-07, 1]]
    Plant Transform: [[1, 0, 0, 0], [0, 5.96046448e-08, 0.99999994, 0], [0, -0.99999994, 5.96046448e-08, 0], [0, 0, 0, 1]]
  - File Prefix: Acacia_1_20_270
    Projection: [[3.7320509, 0, 0, 0], [0, 3.7320509, 0, 0], [0, 0, -1.0100503, -1], [0, 0, -2.0100503, 0]]
    View: [[6.11067037e-08, 0.342022717, -0.939691782, 0], [-6.38353637e-09, 0.939691782, 0.342022717, 0], [1, -1.49013246e-08, 5.96047798e-08, 0], [3.44379214e-06, -8.22211266, -72.9926987, 1]]
    Camera Transform: [[5.96046448e-08, 0, 0.99999994, 0], [0.342020124, 0.939692616, 0, 0], [-0.939692557, 0.342020124, 5.96046448e-08, 0], [-65.7784805, 32.6914062, 7.84400527e-07, 1]]
    Plant Transform: [[1, 0, 0, 0], [0, 5.96046448e-08, 0.99999994, 0], [0, -0.99999994, 5.96046448e-08, 0], [0, 0, 0, 1]]